Department Family,Entity,Date,Expense Type,Expense Area,Supplier,Transaction Number,AP Amount
Department of Health,NHS Rotherham CCG,10/31/2020,Prescribing,MEDICINES MANAGEMENT - CLINICAL,AMCARE LTD,34236318,"71,938.82"
Department of Health,NHS Rotherham CCG,10/31/2020,Prescribing,MEDICINES MANAGEMENT - CLINICAL,AMCARE LTD,34236318,"14,387.76"
Department of Health,NHS Rotherham CCG,10/31/2020,Hcare Srv Rec Fdtn Trust-Contract Baseline,ACUTE COMMISSIONING,BARNSLEY HOSPITAL NHS FOUNDATION TRUST,34169549,"177,735.00"
Department of Health,NHS Rotherham CCG,10/31/2020,Clinical&Medical-Commercial Sector,MENTAL HEALTH CONTRACTS,COED DU HALL,34341882,"44,807.14"
Department of Health,NHS Rotherham CCG,10/31/2020,C&M-APMS PCN DES Physiotherapist,PRC DELEGATED CO-COMMISSIONING,CONNECT HEALTHCARE ROTHERHAM LTD,34398430,"25,537.99"
Department of Health,NHS Rotherham CCG,10/31/2020,C&M-APMS PCN DES Clin Pharmacist,PRC DELEGATED CO-COMMISSIONING,CONNECT HEALTHCARE ROTHERHAM LTD,34398445,"39,034.91"
Department of Health,NHS Rotherham CCG,10/31/2020,C&M-PCN DES PHARMACY TECHNICIANS,PRC DELEGATED CO-COMMISSIONING,CONNECT HEALTHCARE ROTHERHAM LTD,34398445,"9,173.66"
Department of Health,NHS Rotherham CCG,10/31/2020,C&M-APMS PCN DES Clinical Director,PRC DELEGATED CO-COMMISSIONING,CONNECT HEALTHCARE ROTHERHAM LTD,34398470,"12,520.27"
Department of Health,NHS Rotherham CCG,10/31/2020,C&M-APMS PCN DES PCN support,LOCAL ENHANCED SERVICES,CONNECT HEALTHCARE ROTHERHAM LTD,34398470,"26,036.25"
Department of Health,NHS Rotherham CCG,10/31/2020,C&M-PMS PCN DES Invest & impact,PRC DELEGATED CO-COMMISSIONING,CONNECT HEALTHCARE ROTHERHAM LTD,34398470,"25,144.60"
Department of Health,NHS Rotherham CCG,30/09/2020,C&M-PMS Funding Differential Review,PRC DELEGATED CO-COMMISSIONING,CONNECT HEALTHCARE ROTHERHAM LTD,34044922,"104,480.23"
Department of Health,NHS Rotherham CCG,30/09/2020,C&M-APMS DES Extended Hours Access,PRC DELEGATED CO-COMMISSIONING,CONNECT HEALTHCARE ROTHERHAM LTD,34044946,"20,005.17"
Department of Health,NHS Rotherham CCG,30/09/2020,C&M-APMS PCN DES Clinical Director,PRC DELEGATED CO-COMMISSIONING,CONNECT HEALTHCARE ROTHERHAM LTD,34044946,"9,981.20"
Department of Health,NHS Rotherham CCG,30/09/2020,C&M-APMS PCN DES PCN support,LOCAL ENHANCED SERVICES,CONNECT HEALTHCARE ROTHERHAM LTD,34044946,"20,695.00"
Department of Health,NHS Rotherham CCG,30/09/2020,C&M-PMS PCN DES Invest & impact,PRC DELEGATED CO-COMMISSIONING,CONNECT HEALTHCARE ROTHERHAM LTD,34044946,"7,973.26"
Department of Health,NHS Rotherham CCG,30/09/2020,C&M-APMS PCN DES Clin Pharmacist,PRC DELEGATED CO-COMMISSIONING,CONNECT HEALTHCARE ROTHERHAM LTD,34044957,"40,675.19"
Department of Health,NHS Rotherham CCG,30/09/2020,C&M-PCN DES PHARMACY TECHNICIANS,PRC DELEGATED CO-COMMISSIONING,CONNECT HEALTHCARE ROTHERHAM LTD,34044957,"10,237.84"
Department of Health,NHS Rotherham CCG,30/09/2020,C&M-APMS PCN DES Physiotherapist,PRC DELEGATED CO-COMMISSIONING,CONNECT HEALTHCARE ROTHERHAM LTD,34044968,"25,537.99"
Department of Health,NHS Rotherham CCG,10/31/2020,Clinical&Medical-Voluntary Sector,COMMISSIONING - NON ACUTE,CROSSROADS CARE ROTHERHAM,34358827,"42,529.00"
Department of Health,NHS Rotherham CCG,10/31/2020,Clinical&Medical-Voluntary Sector,PROGRAMME PROJECTS,CROSSROADS CARE ROTHERHAM,34398455,"62,136.00"
Department of Health,NHS Rotherham CCG,10/31/2020,Clinical&Medical-Voluntary Sector,PROGRAMME PROJECTS,CROSSROADS CARE ROTHERHAM,34398491,"58,268.00"
Department of Health,NHS Rotherham CCG,10/31/2020,Hlthcre-Foundation Trsts,LEARNING DIFFICULTIES,CUMBRIA NORTHUMBERLAND TYNE AND WEAR NHS FOUNDATION TRUST,34169588,"67,050.00"
Department of Health,NHS Rotherham CCG,30/09/2020,Clinical&Medical-Commercial Sector,MENTAL HEALTH SERVICES - NOT CONTRACTED ACTIVITY,CYGNET HEALTH CARE LTD,34044991,"35,634.00"
Department of Health,NHS Rotherham CCG,10/31/2020,Hcare Srv Rec Fdtn Trust-Contract Baseline,ACUTE COMMISSIONING,DONCASTER AND BASSETLAW HOSPITALS NHS FOUNDATION TRUST,34169593,"842,299.00"
Department of Health,NHS Rotherham CCG,10/31/2020,Prescribing,MEDICINES MANAGEMENT - CLINICAL,FRESENIUS KABI LTD,34196940,4.44
Department of Health,NHS Rotherham CCG,10/31/2020,Prescribing,MEDICINES MANAGEMENT - CLINICAL,FRESENIUS KABI LTD,34196940,"35,208.34"
Department of Health,NHS Rotherham CCG,10/31/2020,Cont Care-Mental Health (<65),CHC ADULT FULLY FUNDED,GREENSIDE HEALTH CARE LTD,34319312,"53,034.63"
Department of Health,NHS Rotherham CCG,10/31/2020,Apprenticeship Levy Payable,BALANCE SHEET,HMRC,34196804,778
Department of Health,NHS Rotherham CCG,10/31/2020,Income tax <1Yr,BALANCE SHEET,HMRC,34196804,"59,432.65"
Department of Health,NHS Rotherham CCG,10/31/2020,Income tax <1Yr-Student Loans,BALANCE SHEET,HMRC,34196804,484
Department of Health,NHS Rotherham CCG,10/31/2020,National Insurance < 1 yr-NI- ERS,BALANCE SHEET,HMRC,34196804,"43,087.70"
Department of Health,NHS Rotherham CCG,10/31/2020,National Insurance < 1 yr-NI-EES,BALANCE SHEET,HMRC,34196804,"32,055.05"
Department of Health,NHS Rotherham CCG,10/31/2020,Statutory Mat Pay < 1 yr,BALANCE SHEET,HMRC,34196804,-945.98
Department of Health,NHS Rotherham CCG,10/31/2020,Audit Fees: Statutory,ADMINISTRATION & BUSINESS SUPPORT,KPMG LLP,34236327,"27,000.00"
Department of Health,NHS Rotherham CCG,10/31/2020,Clinical&Medical-Commercial Sector,LEARNING DIFFICULTIES,MOORVILLE RESIDENTIAL,34398297,"28,576.73"
Department of Health,NHS Rotherham CCG,10/31/2020,Clinical&Medical-Voluntary Sector,COMMISSIONING - NON ACUTE,NHS MIDLANDS AND LANCASHIRE CSU,34077409,"31,250.00"
Department of Health,NHS Rotherham CCG,10/31/2020,Voids and Subsidies,RECHARGES NHS PROPERTY SERVICES LTD,NHS PROPERTY SERVICES LTD,34155707,"37,829.40"
Department of Health,NHS Rotherham CCG,10/31/2020,Voids and Subsidies,RECHARGES NHS PROPERTY SERVICES LTD,NHS PROPERTY SERVICES LTD,34178988,"77,346.89"
Department of Health,NHS Rotherham CCG,30/09/2020,Voids and Subsidies,RECHARGES NHS PROPERTY SERVICES LTD,NHS PROPERTY SERVICES LTD,33932280,"37,829.40"
Department of Health,NHS Rotherham CCG,30/09/2020,Voids and Subsidies,RECHARGES NHS PROPERTY SERVICES LTD,NHS PROPERTY SERVICES LTD,33963962,"77,346.89"
Department of Health,NHS Rotherham CCG,10/31/2020,C&M-PMS Contract Value,PRC DELEGATED CO-COMMISSIONING,NHS ROTHERHAM CCG GP PRACTICE,34168510,"38,867.90"
Department of Health,NHS Rotherham CCG,10/31/2020,C&M-PMS Out of Hours Opt Outs,PRC DELEGATED CO-COMMISSIONING,NHS ROTHERHAM CCG GP PRACTICE,34168510,0.14
Department of Health,NHS Rotherham CCG,10/31/2020,C&M-PMS PCN DES Participation,PRC DELEGATED CO-COMMISSIONING,NHS ROTHERHAM CCG GP PRACTICE,34168510,"1,457.04"
Department of Health,NHS Rotherham CCG,10/31/2020,C&M-PMS Prem Healthcentre Rent,PRC DELEGATED CO-COMMISSIONING,NHS ROTHERHAM CCG GP PRACTICE,34168510,991.45
Department of Health,NHS Rotherham CCG,10/31/2020,C&M-PMS Prem Notional Rent,PRC DELEGATED CO-COMMISSIONING,NHS ROTHERHAM CCG GP PRACTICE,34168510,"2,833.33"
Department of Health,NHS Rotherham CCG,10/31/2020,C&M-PMS Prem Rates,PRC DELEGATED CO-COMMISSIONING,NHS ROTHERHAM CCG GP PRACTICE,34168510,"1,548.00"
Department of Health,NHS Rotherham CCG,10/31/2020,C&M-PMS QOF Aspiration,PRC DELEGATED CO-COMMISSIONING,NHS ROTHERHAM CCG GP PRACTICE,34168510,"3,184.66"
Department of Health,NHS Rotherham CCG,10/31/2020,C&M-PMS Contract Value,PRC DELEGATED CO-COMMISSIONING,NHS ROTHERHAM CCG GP PRACTICE,34168508,"101,016.65"
Department of Health,NHS Rotherham CCG,10/31/2020,C&M-PMS Out of Hours Opt Outs,PRC DELEGATED CO-COMMISSIONING,NHS ROTHERHAM CCG GP PRACTICE,34168508,84.82
Department of Health,NHS Rotherham CCG,10/31/2020,C&M-PMS PCN DES Participation,PRC DELEGATED CO-COMMISSIONING,NHS ROTHERHAM CCG GP PRACTICE,34168508,"3,804.38"
Department of Health,NHS Rotherham CCG,10/31/2020,C&M-PMS PCO Other,PRC DELEGATED CO-COMMISSIONING,NHS ROTHERHAM CCG GP PRACTICE,34168508,"1,437.60"
Department of Health,NHS Rotherham CCG,10/31/2020,C&M-PMS Prem Notional Rent,PRC DELEGATED CO-COMMISSIONING,NHS ROTHERHAM CCG GP PRACTICE,34168508,"7,331.33"
Department of Health,NHS Rotherham CCG,10/31/2020,C&M-PMS Prem Rates,PRC DELEGATED CO-COMMISSIONING,NHS ROTHERHAM CCG GP PRACTICE,34168508,"5,064.00"
Department of Health,NHS Rotherham CCG,10/31/2020,C&M-PMS QOF Aspiration,PRC DELEGATED CO-COMMISSIONING,NHS ROTHERHAM CCG GP PRACTICE,34168508,"10,477.63"
Department of Health,NHS Rotherham CCG,10/31/2020,C&M-PMS Contract Value,PRC DELEGATED CO-COMMISSIONING,NHS ROTHERHAM CCG GP PRACTICE,34168512,"94,351.47"
Department of Health,NHS Rotherham CCG,10/31/2020,C&M-PMS DES Learn Dsblty Hlth Chk,PRC DELEGATED CO-COMMISSIONING,NHS ROTHERHAM CCG GP PRACTICE,34168512,140
Department of Health,NHS Rotherham CCG,10/31/2020,C&M-PMS Out of Hours Opt Outs,PRC DELEGATED CO-COMMISSIONING,NHS ROTHERHAM CCG GP PRACTICE,34168512,6.86
Department of Health,NHS Rotherham CCG,10/31/2020,C&M-PMS PCN DES Participation,PRC DELEGATED CO-COMMISSIONING,NHS ROTHERHAM CCG GP PRACTICE,34168512,"3,532.95"
Department of Health,NHS Rotherham CCG,10/31/2020,C&M-PMS Prem Actual Rent,PRC DELEGATED CO-COMMISSIONING,NHS ROTHERHAM CCG GP PRACTICE,34168512,"53,033.00"
Department of Health,NHS Rotherham CCG,10/31/2020,C&M-PMS Prem Rates,PRC DELEGATED CO-COMMISSIONING,NHS ROTHERHAM CCG GP PRACTICE,34168512,"4,042.00"
Department of Health,NHS Rotherham CCG,10/31/2020,C&M-PMS QOF Aspiration,PRC DELEGATED CO-COMMISSIONING,NHS ROTHERHAM CCG GP PRACTICE,34168512,"8,761.49"
Department of Health,NHS Rotherham CCG,10/31/2020,ME - PMS GP Prior Year ERs,PRC DELEGATED CO-COMMISSIONING,NHS ROTHERHAM CCG GP PRACTICE,34168512,159.38
Department of Health,NHS Rotherham CCG,10/31/2020,ME-PMS GP Pension EEs Adjs - PMS,PRC DELEGATED CO-COMMISSIONING,NHS ROTHERHAM CCG GP PRACTICE,34168512,852.82
Department of Health,NHS Rotherham CCG,10/31/2020,ME-PMS GP Pension ERs Adjs - PMS,PRC DELEGATED CO-COMMISSIONING,NHS ROTHERHAM CCG GP PRACTICE,34168512,981.09
Department of Health,NHS Rotherham CCG,10/31/2020,ME-PMS GP Prior Year EEs,PRC DELEGATED CO-COMMISSIONING,NHS ROTHERHAM CCG GP PRACTICE,34168512,138.54
Department of Health,NHS Rotherham CCG,10/31/2020,C&M-GMS Global Sum,PRC DELEGATED CO-COMMISSIONING,NHS ROTHERHAM CCG GP PRACTICE,34380487,"47,809.05"
Department of Health,NHS Rotherham CCG,10/31/2020,C&M-GMS PCN DES Participation,PRC DELEGATED CO-COMMISSIONING,NHS ROTHERHAM CCG GP PRACTICE,34380487,"1,879.46"
Department of Health,NHS Rotherham CCG,10/31/2020,C&M-GMS Prem Notional Rent,PRC DELEGATED CO-COMMISSIONING,NHS ROTHERHAM CCG GP PRACTICE,34380487,"3,166.67"
Department of Health,NHS Rotherham CCG,10/31/2020,C&M-GMS Prem Rates,PRC DELEGATED CO-COMMISSIONING,NHS ROTHERHAM CCG GP PRACTICE,34380487,415
Department of Health,NHS Rotherham CCG,10/31/2020,C&M-GMS QOF Aspiration,PRC DELEGATED CO-COMMISSIONING,NHS ROTHERHAM CCG GP PRACTICE,34380487,"5,285.22"
Department of Health,NHS Rotherham CCG,10/31/2020,C&M-PMS Contract Value,PRC DELEGATED CO-COMMISSIONING,NHS ROTHERHAM CCG GP PRACTICE,34168517,"111,839.69"
Department of Health,NHS Rotherham CCG,10/31/2020,C&M-PMS Out of Hours Opt Outs,PRC DELEGATED CO-COMMISSIONING,NHS ROTHERHAM CCG GP PRACTICE,34168517,77.16
Department of Health,NHS Rotherham CCG,10/31/2020,C&M-PMS PCN DES Participation,PRC DELEGATED CO-COMMISSIONING,NHS ROTHERHAM CCG GP PRACTICE,34168517,"4,211.58"
Department of Health,NHS Rotherham CCG,10/31/2020,C&M-PMS Prem Healthcentre Rent,PRC DELEGATED CO-COMMISSIONING,NHS ROTHERHAM CCG GP PRACTICE,34168517,"1,789.21"
Department of Health,NHS Rotherham CCG,10/31/2020,C&M-PMS QOF Aspiration,PRC DELEGATED CO-COMMISSIONING,NHS ROTHERHAM CCG GP PRACTICE,34168517,"9,297.19"
Department of Health,NHS Rotherham CCG,10/31/2020,C&M-GMS Global Sum,PRC DELEGATED CO-COMMISSIONING,NHS ROTHERHAM CCG GP PRACTICE,34380489,"92,242.66"
Department of Health,NHS Rotherham CCG,10/31/2020,C&M-GMS PCN DES Participation,PRC DELEGATED CO-COMMISSIONING,NHS ROTHERHAM CCG GP PRACTICE,34380489,"3,653.73"
Department of Health,NHS Rotherham CCG,10/31/2020,C&M-GMS PCO Locum Sickness,PRC DELEGATED CO-COMMISSIONING,NHS ROTHERHAM CCG GP PRACTICE,34380489,"7,006.08"
Department of Health,NHS Rotherham CCG,10/31/2020,C&M-GMS Prem Notional Rent,PRC DELEGATED CO-COMMISSIONING,NHS ROTHERHAM CCG GP PRACTICE,34380489,"7,413.75"
Department of Health,NHS Rotherham CCG,10/31/2020,C&M-GMS Prem Rates,PRC DELEGATED CO-COMMISSIONING,NHS ROTHERHAM CCG GP PRACTICE,34380489,"2,495.00"
Department of Health,NHS Rotherham CCG,10/31/2020,C&M-GMS Prem Water Rates,PRC DELEGATED CO-COMMISSIONING,NHS ROTHERHAM CCG GP PRACTICE,34380489,258.77
Department of Health,NHS Rotherham CCG,10/31/2020,C&M-GMS QOF Aspiration,PRC DELEGATED CO-COMMISSIONING,NHS ROTHERHAM CCG GP PRACTICE,34380489,"10,106.14"
Department of Health,NHS Rotherham CCG,10/31/2020,C&M-PMS Contract Value,PRC DELEGATED CO-COMMISSIONING,NHS ROTHERHAM CCG GP PRACTICE,34168514,-191.44
Department of Health,NHS Rotherham CCG,10/31/2020,C&M-PMS GP Statutory Levy,PRC DELEGATED CO-COMMISSIONING,NHS ROTHERHAM CCG GP PRACTICE,34168514,-586.56
Department of Health,NHS Rotherham CCG,10/31/2020,C&M-PMS Out of Hours Opt Outs,PRC DELEGATED CO-COMMISSIONING,NHS ROTHERHAM CCG GP PRACTICE,34168514,"-8,321.94"
Department of Health,NHS Rotherham CCG,10/31/2020,C&M-PMS PCN DES Participation,PRC DELEGATED CO-COMMISSIONING,NHS ROTHERHAM CCG GP PRACTICE,34168514,"-3,284.92"
Department of Health,NHS Rotherham CCG,10/31/2020,C&M-PMS Prem Water Rates,PRC DELEGATED CO-COMMISSIONING,NHS ROTHERHAM CCG GP PRACTICE,34168514,-27.04
Department of Health,NHS Rotherham CCG,10/31/2020,C&M-PMS Voluntary Levy,PRC DELEGATED CO-COMMISSIONING,NHS ROTHERHAM CCG GP PRACTICE,34168514,-86.26
Department of Health,NHS Rotherham CCG,10/31/2020,ME - PMS GP Prior Year ERs,PRC DELEGATED CO-COMMISSIONING,NHS ROTHERHAM CCG GP PRACTICE,34168514,"-3,257.46"
Department of Health,NHS Rotherham CCG,10/31/2020,ME - PMS TPS Added Years Adj EEs,PRC DELEGATED CO-COMMISSIONING,NHS ROTHERHAM CCG GP PRACTICE,34168514,"-2,862.25"
Department of Health,NHS Rotherham CCG,10/31/2020,ME-PMS GP Pension EEs Adjs - PMS,PRC DELEGATED CO-COMMISSIONING,NHS ROTHERHAM CCG GP PRACTICE,34168514,"-5,002.50"
Department of Health,NHS Rotherham CCG,10/31/2020,ME-PMS GP Pension EEs-PMS,PRC DELEGATED CO-COMMISSIONING,NHS ROTHERHAM CCG GP PRACTICE,34168514,"-25,433.45"
Department of Health,NHS Rotherham CCG,10/31/2020,ME-PMS GP Pension ERs Adjs - PMS,PRC DELEGATED CO-COMMISSIONING,NHS ROTHERHAM CCG GP PRACTICE,34168514,"-29,171.20"
Department of Health,NHS Rotherham CCG,10/31/2020,ME-PMS GP Prior Year EEs,PRC DELEGATED CO-COMMISSIONING,NHS ROTHERHAM CCG GP PRACTICE,34168514,"-3,284.64"
Department of Health,NHS Rotherham CCG,10/31/2020,C&M-PMS Contract Value,PRC DELEGATED CO-COMMISSIONING,NHS ROTHERHAM CCG GP PRACTICE,34168515,"174,657.73"
Department of Health,NHS Rotherham CCG,10/31/2020,C&M-PMS Out of Hours Opt Outs,PRC DELEGATED CO-COMMISSIONING,NHS ROTHERHAM CCG GP PRACTICE,34168515,9.14
Department of Health,NHS Rotherham CCG,10/31/2020,C&M-PMS PCN DES Participation,PRC DELEGATED CO-COMMISSIONING,NHS ROTHERHAM CCG GP PRACTICE,34168515,"6,575.43"
Department of Health,NHS Rotherham CCG,10/31/2020,C&M-PMS Prem Actual Rent,PRC DELEGATED CO-COMMISSIONING,NHS ROTHERHAM CCG GP PRACTICE,34168515,"12,725.00"
Department of Health,NHS Rotherham CCG,10/31/2020,C&M-PMS Prem Notional Rent,PRC DELEGATED CO-COMMISSIONING,NHS ROTHERHAM CCG GP PRACTICE,34168515,"7,477.08"
Department of Health,NHS Rotherham CCG,10/31/2020,C&M-PMS Prem Rates,PRC DELEGATED CO-COMMISSIONING,NHS ROTHERHAM CCG GP PRACTICE,34168515,"8,528.00"
Department of Health,NHS Rotherham CCG,10/31/2020,C&M-PMS Prem Water Rates,PRC DELEGATED CO-COMMISSIONING,NHS ROTHERHAM CCG GP PRACTICE,34168515,338
Department of Health,NHS Rotherham CCG,10/31/2020,C&M-PMS QOF Aspiration,PRC DELEGATED CO-COMMISSIONING,NHS ROTHERHAM CCG GP PRACTICE,34168515,"19,637.46"
Department of Health,NHS Rotherham CCG,10/31/2020,C&M-PMS Cost of Drugs -Dispensing,LOCAL ENHANCED SERVICES,NHS ROTHERHAM CCG GP PRACTICE,34396607,"51,344.81"
Department of Health,NHS Rotherham CCG,10/31/2020,C&M-PMS Prof fees Dispensing,PRC DELEGATED CO-COMMISSIONING,NHS ROTHERHAM CCG GP PRACTICE,34396607,"7,063.25"
Department of Health,NHS Rotherham CCG,10/31/2020,C&M-PMS Prsc Chrgs Cll&Rmttd by GPs,LOCAL ENHANCED SERVICES,NHS ROTHERHAM CCG GP PRACTICE,34396607,667.95
Department of Health,NHS Rotherham CCG,10/31/2020,C&M-PMS Contract Value,PRC DELEGATED CO-COMMISSIONING,NHS ROTHERHAM CCG GP PRACTICE,34168513,-136.06
Department of Health,NHS Rotherham CCG,10/31/2020,C&M-PMS DES Extended Hours Access,PRC DELEGATED CO-COMMISSIONING,NHS ROTHERHAM CCG GP PRACTICE,34168513,"-6,873.00"
Department of Health,NHS Rotherham CCG,10/31/2020,C&M-PMS GP Statutory Levy,PRC DELEGATED CO-COMMISSIONING,NHS ROTHERHAM CCG GP PRACTICE,34168513,-325.92
Department of Health,NHS Rotherham CCG,10/31/2020,C&M-PMS PCN DES Clinical Director,PRC DELEGATED CO-COMMISSIONING,NHS ROTHERHAM CCG GP PRACTICE,34168513,"-4,673.92"
Department of Health,NHS Rotherham CCG,10/31/2020,C&M-PMS PCN DES PCN support,LOCAL ENHANCED SERVICES,NHS ROTHERHAM CCG GP PRACTICE,34168513,"-7,110.08"
Department of Health,NHS Rotherham CCG,10/31/2020,C&M-PMS PCN DES Participation,PRC DELEGATED CO-COMMISSIONING,NHS ROTHERHAM CCG GP PRACTICE,34168513,"-1,834.73"
Department of Health,NHS Rotherham CCG,10/31/2020,C&M-PMS Voluntary Levy,PRC DELEGATED CO-COMMISSIONING,NHS ROTHERHAM CCG GP PRACTICE,34168513,-47.93
Department of Health,NHS Rotherham CCG,10/31/2020,ME-PMS GP Pension EEs-PMS,PRC DELEGATED CO-COMMISSIONING,NHS ROTHERHAM CCG GP PRACTICE,34168513,"-6,897.21"
Department of Health,NHS Rotherham CCG,10/31/2020,ME-PMS GP Pension ERs Adjs - PMS,PRC DELEGATED CO-COMMISSIONING,NHS ROTHERHAM CCG GP PRACTICE,34168513,"-7,139.90"
Department of Health,NHS Rotherham CCG,10/31/2020,C&M-PMS Contract Value,PRC DELEGATED CO-COMMISSIONING,NHS ROTHERHAM CCG GP PRACTICE,34187746,"98,030.86"
Department of Health,NHS Rotherham CCG,10/31/2020,C&M-PMS DES Extended Hours Access,PRC DELEGATED CO-COMMISSIONING,NHS ROTHERHAM CCG GP PRACTICE,34187746,"13,755.48"
Department of Health,NHS Rotherham CCG,10/31/2020,C&M-PMS PCN DES Clinical Director,PRC DELEGATED CO-COMMISSIONING,NHS ROTHERHAM CCG GP PRACTICE,34187746,"6,738.80"
Department of Health,NHS Rotherham CCG,10/31/2020,C&M-PMS PCN DES PCN support,LOCAL ENHANCED SERVICES,NHS ROTHERHAM CCG GP PRACTICE,34187746,"14,220.08"
Department of Health,NHS Rotherham CCG,10/31/2020,C&M-PMS PCN DES Participation,PRC DELEGATED CO-COMMISSIONING,NHS ROTHERHAM CCG GP PRACTICE,34187746,"3,672.58"
Department of Health,NHS Rotherham CCG,10/31/2020,C&M-PMS Prem Actual Rent,PRC DELEGATED CO-COMMISSIONING,NHS ROTHERHAM CCG GP PRACTICE,34187746,"351,500.00"
Department of Health,NHS Rotherham CCG,10/31/2020,C&M-PMS Prem Notional Rent,PRC DELEGATED CO-COMMISSIONING,NHS ROTHERHAM CCG GP PRACTICE,34187746,"14,551.50"
Department of Health,NHS Rotherham CCG,10/31/2020,C&M-PMS Prem Rates,PRC DELEGATED CO-COMMISSIONING,NHS ROTHERHAM CCG GP PRACTICE,34187746,"6,390.00"
Department of Health,NHS Rotherham CCG,10/31/2020,C&M-PMS QOF Aspiration,PRC DELEGATED CO-COMMISSIONING,NHS ROTHERHAM CCG GP PRACTICE,34187746,"10,845.57"
Department of Health,NHS Rotherham CCG,10/31/2020,C&M-PMS Cost of Drugs -Dispensing,LOCAL ENHANCED SERVICES,NHS ROTHERHAM CCG GP PRACTICE,34396604,"-30,226.83"
Department of Health,NHS Rotherham CCG,10/31/2020,C&M-PMS Prsc Chrgs Cll&Rmttd by GPs,PRC DELEGATED CO-COMMISSIONING,NHS ROTHERHAM CCG GP PRACTICE,34396604,"-1,262.70"
Department of Health,NHS Rotherham CCG,10/31/2020,C&M-PMS Cost of Drugs -Dispensing,LOCAL ENHANCED SERVICES,NHS ROTHERHAM CCG GP PRACTICE,34396605,"55,291.81"
Department of Health,NHS Rotherham CCG,10/31/2020,C&M-PMS Prof fees Dispensing,PRC DELEGATED CO-COMMISSIONING,NHS ROTHERHAM CCG GP PRACTICE,34396605,"9,571.78"
Department of Health,NHS Rotherham CCG,10/31/2020,C&M-PMS Prsc Chrgs Cll&Rmttd by GPs,LOCAL ENHANCED SERVICES,NHS ROTHERHAM CCG GP PRACTICE,34396605,"1,262.70"
Department of Health,NHS Rotherham CCG,10/31/2020,C&M-GMS GP Statutory Levy,PRC DELEGATED CO-COMMISSIONING,NHS ROTHERHAM CCG GP PRACTICE,34380490,-337.22
Department of Health,NHS Rotherham CCG,10/31/2020,C&M-GMS PCN DES Participation,PRC DELEGATED CO-COMMISSIONING,NHS ROTHERHAM CCG GP PRACTICE,34380490,"-1,849.20"
Department of Health,NHS Rotherham CCG,10/31/2020,C&M-GMS Prem Rates,PRC DELEGATED CO-COMMISSIONING,NHS ROTHERHAM CCG GP PRACTICE,34380490,-288.16
Department of Health,NHS Rotherham CCG,10/31/2020,C&M-GMS Voluntary Levy,PRC DELEGATED CO-COMMISSIONING,NHS ROTHERHAM CCG GP PRACTICE,34380490,-49.59
Department of Health,NHS Rotherham CCG,10/31/2020,ME - GMS TPS Added Years Adj EEs,PRC DELEGATED CO-COMMISSIONING,NHS ROTHERHAM CCG GP PRACTICE,34380490,-339.63
Department of Health,NHS Rotherham CCG,10/31/2020,ME-GMS GP Pension EEs,PRC DELEGATED CO-COMMISSIONING,NHS ROTHERHAM CCG GP PRACTICE,34380490,"-16,651.33"
Department of Health,NHS Rotherham CCG,10/31/2020,ME-GMS GP Pension ERs Adjustments,PRC DELEGATED CO-COMMISSIONING,NHS ROTHERHAM CCG GP PRACTICE,34380490,"-16,834.89"
Department of Health,NHS Rotherham CCG,10/31/2020,C&M-GMS Global Sum,PRC DELEGATED CO-COMMISSIONING,NHS ROTHERHAM CCG GP PRACTICE,34380491,"94,757.12"
Department of Health,NHS Rotherham CCG,10/31/2020,C&M-GMS PCN DES Participation,PRC DELEGATED CO-COMMISSIONING,NHS ROTHERHAM CCG GP PRACTICE,34380491,"3,701.55"
Department of Health,NHS Rotherham CCG,10/31/2020,C&M-GMS Prem Cost Rent,PRC DELEGATED CO-COMMISSIONING,NHS ROTHERHAM CCG GP PRACTICE,34380491,762.92
Department of Health,NHS Rotherham CCG,10/31/2020,C&M-GMS Prem Notional Rent,PRC DELEGATED CO-COMMISSIONING,NHS ROTHERHAM CCG GP PRACTICE,34380491,"9,116.66"
Department of Health,NHS Rotherham CCG,10/31/2020,C&M-GMS Prem Rates,PRC DELEGATED CO-COMMISSIONING,NHS ROTHERHAM CCG GP PRACTICE,34380491,"1,601.00"
Department of Health,NHS Rotherham CCG,10/31/2020,C&M-GMS Prem Water Rates,PRC DELEGATED CO-COMMISSIONING,NHS ROTHERHAM CCG GP PRACTICE,34380491,167.59
Department of Health,NHS Rotherham CCG,10/31/2020,C&M-GMS QOF Aspiration,PRC DELEGATED CO-COMMISSIONING,NHS ROTHERHAM CCG GP PRACTICE,34380491,"9,316.04"
Department of Health,NHS Rotherham CCG,10/31/2020,C&M-PMS Contract Value,PRC DELEGATED CO-COMMISSIONING,NHS ROTHERHAM CCG GP PRACTICE,34168520,-523.52
Department of Health,NHS Rotherham CCG,10/31/2020,C&M-PMS GP Statutory Levy,PRC DELEGATED CO-COMMISSIONING,NHS ROTHERHAM CCG GP PRACTICE,34168520,-421.12
Department of Health,NHS Rotherham CCG,10/31/2020,C&M-PMS Out of Hours Opt Outs,PRC DELEGATED CO-COMMISSIONING,NHS ROTHERHAM CCG GP PRACTICE,34168520,"-5,856.28"
Department of Health,NHS Rotherham CCG,10/31/2020,C&M-PMS PCN DES Participation,PRC DELEGATED CO-COMMISSIONING,NHS ROTHERHAM CCG GP PRACTICE,34168520,"-2,312.30"
Department of Health,NHS Rotherham CCG,10/31/2020,C&M-PMS Voluntary Levy,PRC DELEGATED CO-COMMISSIONING,NHS ROTHERHAM CCG GP PRACTICE,34168520,-61.93
Department of Health,NHS Rotherham CCG,10/31/2020,ME-PMS GP Pension EEs-PMS,PRC DELEGATED CO-COMMISSIONING,NHS ROTHERHAM CCG GP PRACTICE,34168520,"-8,838.28"
Department of Health,NHS Rotherham CCG,10/31/2020,ME-PMS GP Pension ERs Adjs - PMS,PRC DELEGATED CO-COMMISSIONING,NHS ROTHERHAM CCG GP PRACTICE,34168520,"-9,297.22"
Department of Health,NHS Rotherham CCG,10/31/2020,C&M-PMS Contract Value,PRC DELEGATED CO-COMMISSIONING,NHS ROTHERHAM CCG GP PRACTICE,34168521,"122,902.84"
Department of Health,NHS Rotherham CCG,10/31/2020,C&M-PMS Out of Hours Opt Outs,PRC DELEGATED CO-COMMISSIONING,NHS ROTHERHAM CCG GP PRACTICE,34168521,24.98
Department of Health,NHS Rotherham CCG,10/31/2020,C&M-PMS PCN DES Participation,PRC DELEGATED CO-COMMISSIONING,NHS ROTHERHAM CCG GP PRACTICE,34168521,"4,368.71"
Department of Health,NHS Rotherham CCG,10/31/2020,C&M-PMS Prem Notional Rent,PRC DELEGATED CO-COMMISSIONING,NHS ROTHERHAM CCG GP PRACTICE,34168521,"10,391.67"
Department of Health,NHS Rotherham CCG,10/31/2020,C&M-PMS Prem Rates,PRC DELEGATED CO-COMMISSIONING,NHS ROTHERHAM CCG GP PRACTICE,34168521,"4,666.00"
Department of Health,NHS Rotherham CCG,10/31/2020,C&M-PMS QOF Achievement,PRC DELEGATED CO-COMMISSIONING,NHS ROTHERHAM CCG GP PRACTICE,34168521,"6,759.50"
Department of Health,NHS Rotherham CCG,10/31/2020,C&M-PMS QOF Aspiration,PRC DELEGATED CO-COMMISSIONING,NHS ROTHERHAM CCG GP PRACTICE,34168521,"11,535.01"
Department of Health,NHS Rotherham CCG,10/31/2020,C&M-PMS Contract Value,PRC DELEGATED CO-COMMISSIONING,NHS ROTHERHAM CCG GP PRACTICE,34168518,"-1,495.21"
Department of Health,NHS Rotherham CCG,10/31/2020,C&M-PMS DES Extended Hours Access,PRC DELEGATED CO-COMMISSIONING,NHS ROTHERHAM CCG GP PRACTICE,34168518,"-7,349.27"
Department of Health,NHS Rotherham CCG,10/31/2020,C&M-PMS GP Statutory Levy,PRC DELEGATED CO-COMMISSIONING,NHS ROTHERHAM CCG GP PRACTICE,34168518,-503.2
Department of Health,NHS Rotherham CCG,10/31/2020,C&M-PMS Out of Hours Opt Outs,PRC DELEGATED CO-COMMISSIONING,NHS ROTHERHAM CCG GP PRACTICE,34168518,"-7,394.20"
Department of Health,NHS Rotherham CCG,10/31/2020,C&M-PMS PCN DES Clinical Director,PRC DELEGATED CO-COMMISSIONING,NHS ROTHERHAM CCG GP PRACTICE,34168518,"-3,384.15"
Department of Health,NHS Rotherham CCG,10/31/2020,C&M-PMS PCN DES PCN support,LOCAL ENHANCED SERVICES,NHS ROTHERHAM CCG GP PRACTICE,34168518,"-7,602.71"
Department of Health,NHS Rotherham CCG,10/31/2020,C&M-PMS PCN DES Participation,PRC DELEGATED CO-COMMISSIONING,NHS ROTHERHAM CCG GP PRACTICE,34168518,"-2,919.57"
Department of Health,NHS Rotherham CCG,10/31/2020,C&M-PMS Voluntary Levy,PRC DELEGATED CO-COMMISSIONING,NHS ROTHERHAM CCG GP PRACTICE,34168518,-74
Department of Health,NHS Rotherham CCG,10/31/2020,ME - PMS TPS Added Years Adj EEs,PRC DELEGATED CO-COMMISSIONING,NHS ROTHERHAM CCG GP PRACTICE,34168518,-176.27
Department of Health,NHS Rotherham CCG,10/31/2020,ME-PMS GP Pension EEs-PMS,PRC DELEGATED CO-COMMISSIONING,NHS ROTHERHAM CCG GP PRACTICE,34168518,"-9,800.37"
Department of Health,NHS Rotherham CCG,10/31/2020,ME-PMS GP Pension ERs Adjs - PMS,PRC DELEGATED CO-COMMISSIONING,NHS ROTHERHAM CCG GP PRACTICE,34168518,"-10,646.81"
Department of Health,NHS Rotherham CCG,10/31/2020,C&M-PMS Contract Value,PRC DELEGATED CO-COMMISSIONING,NHS ROTHERHAM CCG GP PRACTICE,34168519,"155,196.62"
Department of Health,NHS Rotherham CCG,10/31/2020,C&M-PMS DES Extended Hours Access,PRC DELEGATED CO-COMMISSIONING,NHS ROTHERHAM CCG GP PRACTICE,34168519,"6,244.58"
Department of Health,NHS Rotherham CCG,10/31/2020,C&M-PMS Out of Hours Opt Outs,PRC DELEGATED CO-COMMISSIONING,NHS ROTHERHAM CCG GP PRACTICE,34168519,71.34
Department of Health,NHS Rotherham CCG,10/31/2020,C&M-PMS PCN DES Clinical Director,PRC DELEGATED CO-COMMISSIONING,NHS ROTHERHAM CCG GP PRACTICE,34168519,"2,971.58"
Department of Health,NHS Rotherham CCG,10/31/2020,C&M-PMS PCN DES PCN support,LOCAL ENHANCED SERVICES,NHS ROTHERHAM CCG GP PRACTICE,34168519,"6,459.92"
Department of Health,NHS Rotherham CCG,10/31/2020,C&M-PMS PCN DES Participation,PRC DELEGATED CO-COMMISSIONING,NHS ROTHERHAM CCG GP PRACTICE,34168519,"5,844.12"
Department of Health,NHS Rotherham CCG,10/31/2020,C&M-PMS PCO Other,PRC DELEGATED CO-COMMISSIONING,NHS ROTHERHAM CCG GP PRACTICE,34168519,"2,120.20"
Department of Health,NHS Rotherham CCG,10/31/2020,C&M-PMS Prem Healthcentre Rent,PRC DELEGATED CO-COMMISSIONING,NHS ROTHERHAM CCG GP PRACTICE,34168519,537.32
Department of Health,NHS Rotherham CCG,10/31/2020,C&M-PMS Prem Notional Rent,PRC DELEGATED CO-COMMISSIONING,NHS ROTHERHAM CCG GP PRACTICE,34168519,"21,573.33"
Department of Health,NHS Rotherham CCG,10/31/2020,C&M-PMS Prem Rates,PRC DELEGATED CO-COMMISSIONING,NHS ROTHERHAM CCG GP PRACTICE,34168519,"13,590.00"
Department of Health,NHS Rotherham CCG,10/31/2020,C&M-PMS QOF Aspiration,PRC DELEGATED CO-COMMISSIONING,NHS ROTHERHAM CCG GP PRACTICE,34168519,"15,287.25"
Department of Health,NHS Rotherham CCG,10/31/2020,C&M-PMS Contract Value,PRC DELEGATED CO-COMMISSIONING,NHS ROTHERHAM CCG GP PRACTICE,34168539,"58,028.31"
Department of Health,NHS Rotherham CCG,10/31/2020,C&M-PMS Out of Hours Opt Outs,PRC DELEGATED CO-COMMISSIONING,NHS ROTHERHAM CCG GP PRACTICE,34168539,16.96
Department of Health,NHS Rotherham CCG,10/31/2020,C&M-PMS PCN DES Participation,PRC DELEGATED CO-COMMISSIONING,NHS ROTHERHAM CCG GP PRACTICE,34168539,"2,180.19"
Department of Health,NHS Rotherham CCG,10/31/2020,C&M-PMS PCO Other,PRC DELEGATED CO-COMMISSIONING,NHS ROTHERHAM CCG GP PRACTICE,34168539,896.8
Department of Health,NHS Rotherham CCG,10/31/2020,C&M-PMS Prem Healthcentre Rent,PRC DELEGATED CO-COMMISSIONING,NHS ROTHERHAM CCG GP PRACTICE,34168539,"4,085.87"
Department of Health,NHS Rotherham CCG,10/31/2020,C&M-PMS QOF Aspiration,PRC DELEGATED CO-COMMISSIONING,NHS ROTHERHAM CCG GP PRACTICE,34168539,"5,451.30"
Department of Health,NHS Rotherham CCG,10/31/2020,C&M-GMS Global Sum,PRC DELEGATED CO-COMMISSIONING,NHS ROTHERHAM CCG GP PRACTICE,34380493,"28,671.23"
Department of Health,NHS Rotherham CCG,10/31/2020,C&M-GMS PCN DES Participation,PRC DELEGATED CO-COMMISSIONING,NHS ROTHERHAM CCG GP PRACTICE,34380493,"1,138.34"
Department of Health,NHS Rotherham CCG,10/31/2020,C&M-GMS Prem Healthcentre Rent,PRC DELEGATED CO-COMMISSIONING,NHS ROTHERHAM CCG GP PRACTICE,34380493,"2,708.13"
Department of Health,NHS Rotherham CCG,10/31/2020,C&M-GMS QOF Aspiration,PRC DELEGATED CO-COMMISSIONING,NHS ROTHERHAM CCG GP PRACTICE,34380493,"3,104.13"
Department of Health,NHS Rotherham CCG,10/31/2020,C&M-PMS Contract Value,PRC DELEGATED CO-COMMISSIONING,NHS ROTHERHAM CCG GP PRACTICE,34168523,"29,224.44"
Department of Health,NHS Rotherham CCG,10/31/2020,C&M-PMS PCN DES Participation,PRC DELEGATED CO-COMMISSIONING,NHS ROTHERHAM CCG GP PRACTICE,34168523,"1,089.79"
Department of Health,NHS Rotherham CCG,10/31/2020,C&M-PMS Prem Notional Rent,PRC DELEGATED CO-COMMISSIONING,NHS ROTHERHAM CCG GP PRACTICE,34168523,"3,100.00"
Department of Health,NHS Rotherham CCG,10/31/2020,C&M-PMS Prem Rates,PRC DELEGATED CO-COMMISSIONING,NHS ROTHERHAM CCG GP PRACTICE,34168523,"1,344.00"
Department of Health,NHS Rotherham CCG,10/31/2020,C&M-PMS QOF Aspiration,PRC DELEGATED CO-COMMISSIONING,NHS ROTHERHAM CCG GP PRACTICE,34168523,"2,894.88"
Department of Health,NHS Rotherham CCG,10/31/2020,C&M-PMS Contract Value,PRC DELEGATED CO-COMMISSIONING,NHS ROTHERHAM CCG GP PRACTICE,34187751,"55,641.76"
Department of Health,NHS Rotherham CCG,10/31/2020,C&M-PMS Out of Hours Opt Outs,PRC DELEGATED CO-COMMISSIONING,NHS ROTHERHAM CCG GP PRACTICE,34187751,4
Department of Health,NHS Rotherham CCG,10/31/2020,C&M-PMS PCN DES Participation,PRC DELEGATED CO-COMMISSIONING,NHS ROTHERHAM CCG GP PRACTICE,34187751,"2,093.16"
Department of Health,NHS Rotherham CCG,10/31/2020,C&M-PMS Prem Notional Rent,PRC DELEGATED CO-COMMISSIONING,NHS ROTHERHAM CCG GP PRACTICE,34187751,"6,791.67"
Department of Health,NHS Rotherham CCG,10/31/2020,C&M-PMS Prem Other,PRC DELEGATED CO-COMMISSIONING,NHS ROTHERHAM CCG GP PRACTICE,34187751,188
Department of Health,NHS Rotherham CCG,10/31/2020,C&M-PMS QOF Aspiration,PRC DELEGATED CO-COMMISSIONING,NHS ROTHERHAM CCG GP PRACTICE,34187751,"5,316.88"
Department of Health,NHS Rotherham CCG,10/31/2020,C&M-GMS Global Sum,PRC DELEGATED CO-COMMISSIONING,NHS ROTHERHAM CCG GP PRACTICE,34380495,"77,153.70"
Department of Health,NHS Rotherham CCG,10/31/2020,C&M-GMS PCN DES Participation,PRC DELEGATED CO-COMMISSIONING,NHS ROTHERHAM CCG GP PRACTICE,34380495,"3,023.57"
Department of Health,NHS Rotherham CCG,10/31/2020,C&M-GMS Prem Notional Rent,PRC DELEGATED CO-COMMISSIONING,NHS ROTHERHAM CCG GP PRACTICE,34380495,"6,225.00"
Department of Health,NHS Rotherham CCG,10/31/2020,C&M-GMS Prem Rates,PRC DELEGATED CO-COMMISSIONING,NHS ROTHERHAM CCG GP PRACTICE,34380495,"1,092.00"
Department of Health,NHS Rotherham CCG,10/31/2020,C&M-GMS Prem Water Rates,PRC DELEGATED CO-COMMISSIONING,NHS ROTHERHAM CCG GP PRACTICE,34380495,277.11
Department of Health,NHS Rotherham CCG,10/31/2020,C&M-GMS QOF Aspiration,PRC DELEGATED CO-COMMISSIONING,NHS ROTHERHAM CCG GP PRACTICE,34380495,"7,813.95"
Department of Health,NHS Rotherham CCG,10/31/2020,C&M-GMS Global Sum,PRC DELEGATED CO-COMMISSIONING,NHS ROTHERHAM CCG GP PRACTICE,34380497,"30,263.14"
Department of Health,NHS Rotherham CCG,10/31/2020,C&M-GMS PCN DES Participation,PRC DELEGATED CO-COMMISSIONING,NHS ROTHERHAM CCG GP PRACTICE,34380497,"1,224.75"
Department of Health,NHS Rotherham CCG,10/31/2020,C&M-GMS Prem Healthcentre Rent,PRC DELEGATED CO-COMMISSIONING,NHS ROTHERHAM CCG GP PRACTICE,34380497,"3,808.94"
Department of Health,NHS Rotherham CCG,10/31/2020,C&M-GMS QOF Aspiration,PRC DELEGATED CO-COMMISSIONING,NHS ROTHERHAM CCG GP PRACTICE,34380497,"2,694.87"
Department of Health,NHS Rotherham CCG,10/31/2020,ME-GMS GP Pension EEs,PRC DELEGATED CO-COMMISSIONING,NHS ROTHERHAM CCG GP PRACTICE,34380497,258.1
Department of Health,NHS Rotherham CCG,10/31/2020,ME-GMS GP Pension ERs Adjustments,PRC DELEGATED CO-COMMISSIONING,NHS ROTHERHAM CCG GP PRACTICE,34380497,255.97
Department of Health,NHS Rotherham CCG,10/31/2020,C&M-PMS Contract Value,PRC DELEGATED CO-COMMISSIONING,NHS ROTHERHAM CCG GP PRACTICE,34187748,"69,276.23"
Department of Health,NHS Rotherham CCG,10/31/2020,C&M-PMS Out of Hours Opt Outs,PRC DELEGATED CO-COMMISSIONING,NHS ROTHERHAM CCG GP PRACTICE,34187748,94.23
Department of Health,NHS Rotherham CCG,10/31/2020,C&M-PMS PCN DES Participation,PRC DELEGATED CO-COMMISSIONING,NHS ROTHERHAM CCG GP PRACTICE,34187748,"2,609.32"
Department of Health,NHS Rotherham CCG,10/31/2020,C&M-PMS PCO Other,PRC DELEGATED CO-COMMISSIONING,NHS ROTHERHAM CCG GP PRACTICE,34187748,"1,023.40"
Department of Health,NHS Rotherham CCG,10/31/2020,C&M-PMS Prem Actual Rent,PRC DELEGATED CO-COMMISSIONING,NHS ROTHERHAM CCG GP PRACTICE,34187748,"114,700.00"
Department of Health,NHS Rotherham CCG,10/31/2020,C&M-PMS Prem Notional Rent,PRC DELEGATED CO-COMMISSIONING,NHS ROTHERHAM CCG GP PRACTICE,34187748,"4,200.00"
Department of Health,NHS Rotherham CCG,10/31/2020,C&M-PMS Prem Rates,PRC DELEGATED CO-COMMISSIONING,NHS ROTHERHAM CCG GP PRACTICE,34187748,"2,720.00"
Department of Health,NHS Rotherham CCG,10/31/2020,C&M-PMS QOF Aspiration,PRC DELEGATED CO-COMMISSIONING,NHS ROTHERHAM CCG GP PRACTICE,34187748,"6,336.39"
Department of Health,NHS Rotherham CCG,10/31/2020,C&M-PMS Contract Value,PRC DELEGATED CO-COMMISSIONING,NHS ROTHERHAM CCG GP PRACTICE,34169445,"52,441.26"
Department of Health,NHS Rotherham CCG,10/31/2020,C&M-PMS Out of Hours Opt Outs,PRC DELEGATED CO-COMMISSIONING,NHS ROTHERHAM CCG GP PRACTICE,34169445,25.24
Department of Health,NHS Rotherham CCG,10/31/2020,C&M-PMS PCN DES Participation,PRC DELEGATED CO-COMMISSIONING,NHS ROTHERHAM CCG GP PRACTICE,34169445,"1,974.90"
Department of Health,NHS Rotherham CCG,10/31/2020,C&M-PMS Prem Notional Rent,PRC DELEGATED CO-COMMISSIONING,NHS ROTHERHAM CCG GP PRACTICE,34169445,"3,645.83"
Department of Health,NHS Rotherham CCG,10/31/2020,C&M-PMS Prem Rates,PRC DELEGATED CO-COMMISSIONING,NHS ROTHERHAM CCG GP PRACTICE,34169445,723
Department of Health,NHS Rotherham CCG,10/31/2020,C&M-PMS QOF Aspiration,PRC DELEGATED CO-COMMISSIONING,NHS ROTHERHAM CCG GP PRACTICE,34169445,"5,288.60"
Department of Health,NHS Rotherham CCG,10/31/2020,C&M-PMS Contract Value,PRC DELEGATED CO-COMMISSIONING,NHS ROTHERHAM CCG GP PRACTICE,34169447,"70,948.08"
Department of Health,NHS Rotherham CCG,10/31/2020,C&M-PMS Out of Hours Opt Outs,PRC DELEGATED CO-COMMISSIONING,NHS ROTHERHAM CCG GP PRACTICE,34169447,27.46
Department of Health,NHS Rotherham CCG,10/31/2020,C&M-PMS PCN DES Participation,PRC DELEGATED CO-COMMISSIONING,NHS ROTHERHAM CCG GP PRACTICE,34169447,"2,671.96"
Department of Health,NHS Rotherham CCG,10/31/2020,C&M-PMS PCO Other,PRC DELEGATED CO-COMMISSIONING,NHS ROTHERHAM CCG GP PRACTICE,34169447,"1,025.40"
Department of Health,NHS Rotherham CCG,10/31/2020,C&M-PMS Prem Healthcentre Rent,PRC DELEGATED CO-COMMISSIONING,NHS ROTHERHAM CCG GP PRACTICE,34169447,573.89
Department of Health,NHS Rotherham CCG,10/31/2020,C&M-PMS Prem Notional Rent,PRC DELEGATED CO-COMMISSIONING,NHS ROTHERHAM CCG GP PRACTICE,34169447,"3,402.08"
Department of Health,NHS Rotherham CCG,10/31/2020,C&M-PMS Prem Rates,PRC DELEGATED CO-COMMISSIONING,NHS ROTHERHAM CCG GP PRACTICE,34169447,"1,812.00"
Department of Health,NHS Rotherham CCG,10/31/2020,C&M-PMS QOF Aspiration,PRC DELEGATED CO-COMMISSIONING,NHS ROTHERHAM CCG GP PRACTICE,34169447,"6,040.09"
Department of Health,NHS Rotherham CCG,10/31/2020,C&M-PMS Contract Value,PRC DELEGATED CO-COMMISSIONING,NHS ROTHERHAM CCG GP PRACTICE,34169443,"53,267.13"
Department of Health,NHS Rotherham CCG,10/31/2020,C&M-PMS PCN DES Participation,PRC DELEGATED CO-COMMISSIONING,NHS ROTHERHAM CCG GP PRACTICE,34169443,"1,948.88"
Department of Health,NHS Rotherham CCG,10/31/2020,C&M-PMS PCO Other,PRC DELEGATED CO-COMMISSIONING,NHS ROTHERHAM CCG GP PRACTICE,34169443,882.4
Department of Health,NHS Rotherham CCG,10/31/2020,C&M-PMS Prem Healthcentre Rent,PRC DELEGATED CO-COMMISSIONING,NHS ROTHERHAM CCG GP PRACTICE,34169443,"1,979.17"
Department of Health,NHS Rotherham CCG,10/31/2020,C&M-PMS QOF Aspiration,PRC DELEGATED CO-COMMISSIONING,NHS ROTHERHAM CCG GP PRACTICE,34169443,"4,399.19"
Department of Health,NHS Rotherham CCG,10/31/2020,C&M-PMS Contract Value,PRC DELEGATED CO-COMMISSIONING,NHS ROTHERHAM CCG GP PRACTICE,34168525,"48,117.10"
Department of Health,NHS Rotherham CCG,10/31/2020,C&M-PMS Out of Hours Opt Outs,PRC DELEGATED CO-COMMISSIONING,NHS ROTHERHAM CCG GP PRACTICE,34168525,11.35
Department of Health,NHS Rotherham CCG,10/31/2020,C&M-PMS PCN DES Participation,PRC DELEGATED CO-COMMISSIONING,NHS ROTHERHAM CCG GP PRACTICE,34168525,"1,795.72"
Department of Health,NHS Rotherham CCG,10/31/2020,C&M-PMS Prem Notional Rent,PRC DELEGATED CO-COMMISSIONING,NHS ROTHERHAM CCG GP PRACTICE,34168525,"7,100.09"
Department of Health,NHS Rotherham CCG,10/31/2020,C&M-PMS QOF Aspiration,PRC DELEGATED CO-COMMISSIONING,NHS ROTHERHAM CCG GP PRACTICE,34168525,"3,965.40"
Department of Health,NHS Rotherham CCG,10/31/2020,C&M-PMS Contract Value,PRC DELEGATED CO-COMMISSIONING,NHS ROTHERHAM CCG GP PRACTICE,34187753,"38,492.46"
Department of Health,NHS Rotherham CCG,10/31/2020,C&M-PMS Out of Hours Opt Outs,PRC DELEGATED CO-COMMISSIONING,NHS ROTHERHAM CCG GP PRACTICE,34187753,11.28
Department of Health,NHS Rotherham CCG,10/31/2020,C&M-PMS PCN DES Participation,PRC DELEGATED CO-COMMISSIONING,NHS ROTHERHAM CCG GP PRACTICE,34187753,"1,448.18"
Department of Health,NHS Rotherham CCG,10/31/2020,C&M-PMS Prem Actual Rent,PRC DELEGATED CO-COMMISSIONING,NHS ROTHERHAM CCG GP PRACTICE,34187753,"76,900.00"
Department of Health,NHS Rotherham CCG,10/31/2020,C&M-PMS Prem Notional Rent,PRC DELEGATED CO-COMMISSIONING,NHS ROTHERHAM CCG GP PRACTICE,34187753,"3,104.17"
Department of Health,NHS Rotherham CCG,10/31/2020,C&M-PMS QOF Aspiration,PRC DELEGATED CO-COMMISSIONING,NHS ROTHERHAM CCG GP PRACTICE,34187753,"3,453.75"
Department of Health,NHS Rotherham CCG,10/31/2020,C&M-PMS GP Statutory Levy,PRC DELEGATED CO-COMMISSIONING,NHS ROTHERHAM CCG GP PRACTICE,34168531,-291.52
Department of Health,NHS Rotherham CCG,10/31/2020,C&M-PMS Out of Hours Opt Outs,PRC DELEGATED CO-COMMISSIONING,NHS ROTHERHAM CCG GP PRACTICE,34168531,"-3,878.10"
Department of Health,NHS Rotherham CCG,10/31/2020,C&M-PMS PCN DES Participation,PRC DELEGATED CO-COMMISSIONING,NHS ROTHERHAM CCG GP PRACTICE,34168531,"-1,514.56"
Department of Health,NHS Rotherham CCG,10/31/2020,C&M-PMS Voluntary Levy,PRC DELEGATED CO-COMMISSIONING,NHS ROTHERHAM CCG GP PRACTICE,34168531,-42.87
Department of Health,NHS Rotherham CCG,10/31/2020,ME-PMS GP Pension EEs-PMS,PRC DELEGATED CO-COMMISSIONING,NHS ROTHERHAM CCG GP PRACTICE,34168531,"-9,811.50"
Department of Health,NHS Rotherham CCG,10/31/2020,ME-PMS GP Pension ERs Adjs - PMS,PRC DELEGATED CO-COMMISSIONING,NHS ROTHERHAM CCG GP PRACTICE,34168531,"-9,887.33"
Department of Health,NHS Rotherham CCG,10/31/2020,C&M-PMS Contract Value,PRC DELEGATED CO-COMMISSIONING,NHS ROTHERHAM CCG GP PRACTICE,34168532,"81,359.42"
Department of Health,NHS Rotherham CCG,10/31/2020,C&M-PMS PCN DES Participation,PRC DELEGATED CO-COMMISSIONING,NHS ROTHERHAM CCG GP PRACTICE,34168532,"3,031.70"
Department of Health,NHS Rotherham CCG,10/31/2020,C&M-PMS PCO Locum Adop/Pat/Mat,PRC DELEGATED CO-COMMISSIONING,NHS ROTHERHAM CCG GP PRACTICE,34168532,"14,012.16"
Department of Health,NHS Rotherham CCG,10/31/2020,C&M-PMS PCO Other,PRC DELEGATED CO-COMMISSIONING,NHS ROTHERHAM CCG GP PRACTICE,34168532,"1,261.20"
Department of Health,NHS Rotherham CCG,10/31/2020,C&M-PMS Prem Notional Rent,PRC DELEGATED CO-COMMISSIONING,NHS ROTHERHAM CCG GP PRACTICE,34168532,"6,512.50"
Department of Health,NHS Rotherham CCG,10/31/2020,C&M-PMS Prem Rates,PRC DELEGATED CO-COMMISSIONING,NHS ROTHERHAM CCG GP PRACTICE,34168532,"4,046.00"
Department of Health,NHS Rotherham CCG,10/31/2020,C&M-PMS Prem Water Rates,PRC DELEGATED CO-COMMISSIONING,NHS ROTHERHAM CCG GP PRACTICE,34168532,536.82
Department of Health,NHS Rotherham CCG,10/31/2020,C&M-PMS QOF Aspiration,PRC DELEGATED CO-COMMISSIONING,NHS ROTHERHAM CCG GP PRACTICE,34168532,"7,694.78"
Department of Health,NHS Rotherham CCG,10/31/2020,C&M-APMS Contract Value,PRC DELEGATED CO-COMMISSIONING,NHS ROTHERHAM CCG GP PRACTICE,34187755,"65,170.44"
Department of Health,NHS Rotherham CCG,10/31/2020,C&M-APMS DES Violent Patients,PRC DELEGATED CO-COMMISSIONING,NHS ROTHERHAM CCG GP PRACTICE,34187755,604.17
Department of Health,NHS Rotherham CCG,10/31/2020,C&M-APMS OOH Opt Outs,PRC DELEGATED CO-COMMISSIONING,NHS ROTHERHAM CCG GP PRACTICE,34187755,100.87
Department of Health,NHS Rotherham CCG,10/31/2020,C&M-APMS Other FDR Payment,PRC DELEGATED CO-COMMISSIONING,NHS ROTHERHAM CCG GP PRACTICE,34187755,"12,840.67"
Department of Health,NHS Rotherham CCG,10/31/2020,C&M-APMS PCN DES Participation,PRC DELEGATED CO-COMMISSIONING,NHS ROTHERHAM CCG GP PRACTICE,34187755,"1,198.60"
Department of Health,NHS Rotherham CCG,10/31/2020,C&M-APMS Prem Actual Rent,PRC DELEGATED CO-COMMISSIONING,NHS ROTHERHAM CCG GP PRACTICE,34187755,"2,083.33"
Department of Health,NHS Rotherham CCG,10/31/2020,C&M-APMS Prem Healthcentre Rent,PRC DELEGATED CO-COMMISSIONING,NHS ROTHERHAM CCG GP PRACTICE,34187755,"4,500.00"
Department of Health,NHS Rotherham CCG,10/31/2020,C&M-APMS QOF Aspiration,PRC DELEGATED CO-COMMISSIONING,NHS ROTHERHAM CCG GP PRACTICE,34187755,36.09
Department of Health,NHS Rotherham CCG,10/31/2020,C&M-PMS PCN DES Participation,PRC DELEGATED CO-COMMISSIONING,NHS ROTHERHAM CCG GP PRACTICE,34187755,"1,200.64"
Department of Health,NHS Rotherham CCG,10/31/2020,C&M-PMS Prem Rates,PRC DELEGATED CO-COMMISSIONING,NHS ROTHERHAM CCG GP PRACTICE,34187755,478
Department of Health,NHS Rotherham CCG,10/31/2020,C&M-PMS QOF Aspiration,PRC DELEGATED CO-COMMISSIONING,NHS ROTHERHAM CCG GP PRACTICE,34187755,"5,440.34"
Department of Health,NHS Rotherham CCG,10/31/2020,C&M-PMS Contract Value,PRC DELEGATED CO-COMMISSIONING,NHS ROTHERHAM CCG GP PRACTICE,34169449,"123,676.78"
Department of Health,NHS Rotherham CCG,10/31/2020,C&M-PMS Cost of Drugs -Prescribing,LOCAL ENHANCED SERVICES,NHS ROTHERHAM CCG GP PRACTICE,34169449,"5,643.16"
Department of Health,NHS Rotherham CCG,10/31/2020,C&M-PMS Out of Hours Opt Outs,PRC DELEGATED CO-COMMISSIONING,NHS ROTHERHAM CCG GP PRACTICE,34169449,43.56
Department of Health,NHS Rotherham CCG,10/31/2020,C&M-PMS PCN DES Participation,PRC DELEGATED CO-COMMISSIONING,NHS ROTHERHAM CCG GP PRACTICE,34169449,"4,628.32"
Department of Health,NHS Rotherham CCG,10/31/2020,C&M-PMS PCO Other,PRC DELEGATED CO-COMMISSIONING,NHS ROTHERHAM CCG GP PRACTICE,34169449,"1,676.00"
Department of Health,NHS Rotherham CCG,10/31/2020,C&M-PMS Prem Actual Rent,PRC DELEGATED CO-COMMISSIONING,NHS ROTHERHAM CCG GP PRACTICE,34169449,"11,987.51"
Department of Health,NHS Rotherham CCG,10/31/2020,C&M-PMS Prem Healthcentre Rent,PRC DELEGATED CO-COMMISSIONING,NHS ROTHERHAM CCG GP PRACTICE,34169449,"1,185.09"
Department of Health,NHS Rotherham CCG,10/31/2020,C&M-PMS Prem Notional Rent,PRC DELEGATED CO-COMMISSIONING,NHS ROTHERHAM CCG GP PRACTICE,34169449,"9,783.34"
Department of Health,NHS Rotherham CCG,10/31/2020,C&M-PMS Prem Rates,PRC DELEGATED CO-COMMISSIONING,NHS ROTHERHAM CCG GP PRACTICE,34169449,"6,443.00"
Department of Health,NHS Rotherham CCG,10/31/2020,C&M-PMS Prof fees Prescribing,PRC DELEGATED CO-COMMISSIONING,NHS ROTHERHAM CCG GP PRACTICE,34169449,603.4
Department of Health,NHS Rotherham CCG,10/31/2020,C&M-PMS QOF Aspiration,PRC DELEGATED CO-COMMISSIONING,NHS ROTHERHAM CCG GP PRACTICE,34169449,"12,088.28"
Department of Health,NHS Rotherham CCG,10/31/2020,C&M-PMS Contract Value,PRC DELEGATED CO-COMMISSIONING,NHS ROTHERHAM CCG GP PRACTICE,34168537,"54,776.38"
Department of Health,NHS Rotherham CCG,10/31/2020,C&M-PMS Out of Hours Opt Outs,PRC DELEGATED CO-COMMISSIONING,NHS ROTHERHAM CCG GP PRACTICE,34168537,11.05
Department of Health,NHS Rotherham CCG,10/31/2020,C&M-PMS PCN DES Participation,PRC DELEGATED CO-COMMISSIONING,NHS ROTHERHAM CCG GP PRACTICE,34168537,"2,062.87"
Department of Health,NHS Rotherham CCG,10/31/2020,C&M-PMS PCO Locum Adop/Pat/Mat,PRC DELEGATED CO-COMMISSIONING,NHS ROTHERHAM CCG GP PRACTICE,34168537,"44,051.80"
Department of Health,NHS Rotherham CCG,10/31/2020,C&M-PMS Prem Healthcentre Rent,PRC DELEGATED CO-COMMISSIONING,NHS ROTHERHAM CCG GP PRACTICE,34168537,"4,036.20"
Department of Health,NHS Rotherham CCG,10/31/2020,C&M-PMS QOF Aspiration,PRC DELEGATED CO-COMMISSIONING,NHS ROTHERHAM CCG GP PRACTICE,34168537,"5,821.35"
Department of Health,NHS Rotherham CCG,10/31/2020,ME - PMS GP Prior Year ERs,PRC DELEGATED CO-COMMISSIONING,NHS ROTHERHAM CCG GP PRACTICE,34168537,862.8
Department of Health,NHS Rotherham CCG,10/31/2020,ME-PMS GP Pension EEs Adjs - PMS,PRC DELEGATED CO-COMMISSIONING,NHS ROTHERHAM CCG GP PRACTICE,34168537,"1,674.00"
Department of Health,NHS Rotherham CCG,10/31/2020,ME-PMS GP Pension EEs-PMS,PRC DELEGATED CO-COMMISSIONING,NHS ROTHERHAM CCG GP PRACTICE,34168537,"11,563.05"
Department of Health,NHS Rotherham CCG,10/31/2020,ME-PMS GP Pension ERs Adjs - PMS,PRC DELEGATED CO-COMMISSIONING,NHS ROTHERHAM CCG GP PRACTICE,34168537,"11,806.83"
Department of Health,NHS Rotherham CCG,10/31/2020,ME-PMS GP Prior Year EEs,PRC DELEGATED CO-COMMISSIONING,NHS ROTHERHAM CCG GP PRACTICE,34168537,558
Department of Health,NHS Rotherham CCG,10/31/2020,C&M-PMS Contract Value,PRC DELEGATED CO-COMMISSIONING,NHS ROTHERHAM CCG GP PRACTICE,34168534,-286.3
Department of Health,NHS Rotherham CCG,10/31/2020,C&M-PMS GP Statutory Levy,PRC DELEGATED CO-COMMISSIONING,NHS ROTHERHAM CCG GP PRACTICE,34168534,-466.91
Department of Health,NHS Rotherham CCG,10/31/2020,C&M-PMS Out of Hours Opt Outs,PRC DELEGATED CO-COMMISSIONING,NHS ROTHERHAM CCG GP PRACTICE,34168534,"-6,183.56"
Department of Health,NHS Rotherham CCG,10/31/2020,C&M-PMS PCN DES Participation,PRC DELEGATED CO-COMMISSIONING,NHS ROTHERHAM CCG GP PRACTICE,34168534,"-2,438.91"
Department of Health,NHS Rotherham CCG,10/31/2020,C&M-PMS Voluntary Levy,PRC DELEGATED CO-COMMISSIONING,NHS ROTHERHAM CCG GP PRACTICE,34168534,-68.66
Department of Health,NHS Rotherham CCG,10/31/2020,ME-PMS GP Pension EEs-PMS,PRC DELEGATED CO-COMMISSIONING,NHS ROTHERHAM CCG GP PRACTICE,34168534,"-8,624.86"
Department of Health,NHS Rotherham CCG,10/31/2020,ME-PMS GP Pension ERs Adjs - PMS,PRC DELEGATED CO-COMMISSIONING,NHS ROTHERHAM CCG GP PRACTICE,34168534,"-9,160.40"
Department of Health,NHS Rotherham CCG,10/31/2020,C&M-PMS Contract Value,PRC DELEGATED CO-COMMISSIONING,NHS ROTHERHAM CCG GP PRACTICE,34168535,"129,774.81"
Department of Health,NHS Rotherham CCG,10/31/2020,C&M-PMS Out of Hours Opt Outs,PRC DELEGATED CO-COMMISSIONING,NHS ROTHERHAM CCG GP PRACTICE,34168535,13.66
Department of Health,NHS Rotherham CCG,10/31/2020,C&M-PMS PCN DES Participation,PRC DELEGATED CO-COMMISSIONING,NHS ROTHERHAM CCG GP PRACTICE,34168535,"4,881.98"
Department of Health,NHS Rotherham CCG,10/31/2020,C&M-PMS PCO Other,PRC DELEGATED CO-COMMISSIONING,NHS ROTHERHAM CCG GP PRACTICE,34168535,"1,987.40"
Department of Health,NHS Rotherham CCG,10/31/2020,C&M-PMS Prem Healthcentre Rent,PRC DELEGATED CO-COMMISSIONING,NHS ROTHERHAM CCG GP PRACTICE,34168535,993.65
Department of Health,NHS Rotherham CCG,10/31/2020,C&M-PMS QOF Aspiration,PRC DELEGATED CO-COMMISSIONING,NHS ROTHERHAM CCG GP PRACTICE,34168535,"13,153.85"
Department of Health,NHS Rotherham CCG,10/31/2020,Recharge : Received,HUMAN RESOURCES,NHS SHEFFIELD CCG,34179011,"77,437.00"
Department of Health,NHS Rotherham CCG,10/31/2020,Recharge : Received,PROCUREMENT,NHS SHEFFIELD CCG,34179015,"60,691.00"
Department of Health,NHS Rotherham CCG,10/31/2020,Oth Travel Costs-Patient Transport,PATIENT TRANSPORT,PREMIER CARE DIRECT LTD,34108290,"47,297.42"
Department of Health,NHS Rotherham CCG,10/31/2020,Cont Care- Palliative Care,CHC ADULT FULLY FUNDED,ROCHE ABBEY CARE HOME,34196945,"6,092.29"
Department of Health,NHS Rotherham CCG,10/31/2020,Cont Care-Interim Funding(Pre Panel),CHC ADULT FULLY FUNDED,ROCHE ABBEY CARE HOME,34196945,"10,750.04"
Department of Health,NHS Rotherham CCG,10/31/2020,Cont Care-Learning Disab(65+),CHC ADULT FULLY FUNDED,ROCHE ABBEY CARE HOME,34196945,"2,901.09"
Department of Health,NHS Rotherham CCG,10/31/2020,Cont Care-Physical Disab (65+),CHC ADULT FULLY FUNDED,ROCHE ABBEY CARE HOME,34196945,"14,672.90"
Department of Health,NHS Rotherham CCG,10/31/2020,Cont Care-Physical Disab (<65),CHC ADULT FULLY FUNDED,ROCHE ABBEY CARE HOME,34196945,"2,901.09"
Department of Health,NHS Rotherham CCG,10/31/2020,Hcare Srv Rec Fdtn Trust-Contract Baseline,MENTAL HEALTH CONTRACTS,ROTHERHAM DONCASTER AND SOUTH HUMBER NHS FOUNDATION TRUST,34169595,"2,793,272.00"
Department of Health,NHS Rotherham CCG,10/31/2020,Clinical&Medical-Voluntary Sector,HOSPICES,ROTHERHAM HOSPICE TRUST (THE),34267661,"336,888.23"
Department of Health,NHS Rotherham CCG,10/31/2020,Clinical&Medical-Othe Public Sector,INTERMEDIATE CARE,ROTHERHAM METROPOLITAN BOROUGH COUNCIL,34077429,"904,250.00"
Department of Health,NHS Rotherham CCG,10/31/2020,Social Care-Direct Payments,COMMISSIONING - NON ACUTE,ROTHERHAM METROPOLITAN BOROUGH COUNCIL,34077433,"229,348.00"
Department of Health,NHS Rotherham CCG,10/31/2020,Social Care-Direct Payments,REABLEMENT,ROTHERHAM METROPOLITAN BOROUGH COUNCIL,34077436,"1,046,538.00"
Department of Health,NHS Rotherham CCG,10/31/2020,Clinical&Medical-Othe Public Sector,CARERS,ROTHERHAM METROPOLITAN BOROUGH COUNCIL,34077437,"150,000.00"
Department of Health,NHS Rotherham CCG,10/31/2020,Clinical&Medical-Othe Public Sector,MENTAL HEALTH CONTRACTS,ROTHERHAM METROPOLITAN BOROUGH COUNCIL,34358829,"49,140.00"
Department of Health,NHS Rotherham CCG,10/31/2020,Hcare Srv Rec Fdtn Trust-Contract Baseline,ACUTE COMMISSIONING,ROTHERHAM NHS FOUNDATION TRUST,34169612,"16,258,504.00"
Department of Health,NHS Rotherham CCG,10/31/2020,Hcare Srv Rec Fdtn Trust-Contract Baseline,ACUTE COMMISSIONING,SHEFFIELD CHILDRENS NHS FOUNDATION TRUST,34169602,"198,638.00"
Department of Health,NHS Rotherham CCG,10/31/2020,Hcare Srv Rec Fdtn Trust-Contract Baseline,MENTAL HEALTH CONTRACTS,SHEFFIELD HEALTH & SOCIAL CARE NHS FOUNDATION TRUST,34169607,"57,294.00"
Department of Health,NHS Rotherham CCG,10/31/2020,Hcare Srv Rec Fdtn Trust-Contract Baseline,ACUTE COMMISSIONING,SHEFFIELD TEACHING HOSPITALS NHS FOUNDATION TRUST,34169610,"2,224,428.00"
Department of Health,NHS Rotherham CCG,10/31/2020,Clinical&Medical-Commercial Sector,ACUTE COMMISSIONING,SPAMEDICA LTD,34358819,"80,284.39"
Department of Health,NHS Rotherham CCG,30/09/2020,Clinical&Medical-Commercial Sector,ACUTE COMMISSIONING,SPAMEDICA LTD,34044974,"59,464.40"
Department of Health,NHS Rotherham CCG,10/31/2020,C&M-GMS DES Imp Online Patient Acc,GP FORWARD VIEW,SUBSTRAKT HEALTH LTD,34252113,"55,800.00"
Department of Health,NHS Rotherham CCG,10/31/2020,NHS Recbles <1Yr- CHC Risk Pool Con,BALANCE SHEET,VALERIE A SHIRT,34332673,"58,911.48"
Department of Health,NHS Rotherham CCG,10/31/2020,Clinical&Medical-Voluntary Sector,COUNSELLING SERVICES,VOLUNTARY ACTION ROTHERHAM,34267662,"193,926.50"
Department of Health,NHS Rotherham CCG,10/31/2020,Hcare Srv Rec NHS Trust-Contract Baseline,AMBULANCE SERVICES,YORKSHIRE AMBULANCE SERVICE NHS TRUST,34169617,"1,015,342.00"
,,,,,,,"31,615,468.57"
